[ -33.193, -22.610,  31.789] (1-28)
[  -1.918,  36.886,   8.255] (29-66)
[  -3.999,  38.820, -41.432] (67-98)
[ -20.246,  16.499, -55.063] (98-129)
[  35.626,  -6.674, -54.139] (129-163)
[   8.323, -40.449, -20.743] (163-182)
[  -6.586, -29.827, -46.453] (182-200)
[ -14.427,   3.870, -23.045] (200-215)
[ -16.173,  14.154,  -7.521] (215-228)
[ -14.470,  13.710,  -6.267] (228-257)
[ -11.585,   8.348,  -2.961] (258-268)
[  -1.390,   4.242,  -4.586] (372-382)
[   2.562,  -5.871,  -2.014] (385-400)
[  -0.166,  -5.049,  -1.808] (404-427)
[  -0.886,   1.843,  -2.969] (428-440)
[  13.147,  -2.379,  11.962] (440-454)
[  32.755,   4.842,  18.688] (456-473)
[   6.606,  17.026,  28.291] (474-495)
[  15.443,   4.722,  68.874] (495-517)
[  36.185, -28.286,  15.014] (517-545)
[  27.414,  12.215,  -8.369] (546-600)